185
186
187
188
189
191
190
1
2
4
3
5
6
7
8
9
200
193
192
197
194
195
196
198
199
28
10
11
14
12
13
17
15
16
20
18
19
21
29
30
48
31
32
35
33
34
38
36
37
41
39
40
44
42
43
45
46
50
57
51
52
53
54
55
59
60
82
61
62
63
64
76
74
73
66
65
68
67
70
69
72
71
75
78
77
80
79
111
110
112
113
132
114
115
118
116
117
121
119
120
124
122
123
125
126
127
128
129
130
134
152
135
136
139
137
138
142
140
141
145
143
144
148
146
147
149
150
154
161
155
156
157
158
159
163
164
183
165
166
167
168
177
175
174
169
170
171
173
172
176
179
178
181
180
85
84
86
87
108
88
89
90
91
102
100
99
92
93
94
95
96
97
98
101
104
103
106
105
